0 [298, 70]
0 [335, 70]
0 [298, 102]
0 [335, 102]
0 [261, 70]
0 [372, 70]
0 [261, 102]
0 [372, 102]
0 [224, 70]
0 [409, 70]
0 [224, 102]
0 [409, 102]
0 [187, 70]
0 [446, 70]
0 [187, 102]
0 [446, 102]
0 [150, 70]
0 [483, 70]
0 [150, 102]
0 [483, 102]

1 [261, 130]
1 [372, 130]
1 [261, 162]
1 [372, 162]
1 [224, 130]
1 [409, 130]
1 [224, 162]
1 [409, 162]
1 [187, 130]
1 [446, 130]
1 [187, 162]
1 [446, 162]
1 [150, 130]
1 [483, 130]
1 [150, 162]
1 [483, 162]

2 [261, 38]
2 [372, 38]
2 [224, 38]
2 [409, 38]