0 [298, 70]
0 [335, 70]
0 [298, 130]
0 [335, 130]
0 [261, 70]
0 [372, 70]
0 [261, 130]
0 [372, 130]
0 [224, 130]
0 [409, 130]
0 [224, 70]
0 [409, 70]
0 [187, 130]
0 [446, 130]
0 [187, 70]
0 [446, 70]
0 [150, 102]
0 [483, 102]
0 [150, 130]
0 [483, 130]

1 [298, 102]
1 [335, 102]
1 [298, 162]
1 [335, 162]
1 [261, 102]
1 [372, 102]
1 [261, 162]
1 [372, 162]
1 [224, 102]
1 [409, 102]
1 [224, 162]
1 [409, 162]
1 [187, 102]
1 [446, 102]
1 [187, 162]
1 [446, 162]

2 [446, 38]
2 [187, 38]
2 [298, 38]
2 [335, 38]